******************************
Decoder NO: 1
w_1_i: [8 8 8 8 8 8 8 8 8 8 8 8 8 8 8 8 8 8 8 8 8 8 8 8 8 8 8 8 8 8 8 8 8 8 8 8 8 8 8 8 8 8 8 8 8 8 8 8 8 8 8 8 8 8 8 8 8 8 8 8 8 8 8]
w_2_i: [1 1 1 1 1 1 1 1 1 1 1 1 1 1 1 1 1 1 1 1 1 1 1 1 1 1 1 1 1 1 1 1 1 1 1 1 1 1 1 1 1 1 1 1 1 1 1 1 1 1 1 1 1 1 1 1 1 1 1 1 1 1 1]
DELTA_margin: 0
FLAG_RESTART: 1
ITERATION_RESTART: 15
m_l_i: [5 5 5 4 0]
******************************
******************************
Decoder NO: 2
w_1_i: [10.4 10.4 10.4 10.4 10.4 8.8 8 8 8 8 8 8 8 8 8 5.6 5.6 5.6 4.8 4.8 4.8 4.8 4.8 4.8 2.4 2.4 1.6 2.4 2.4 1.6 1.6 1.6 1.6 1.6 1.6 1.6 1.6 1.6 1.6 1.6 1.6 1.6 1.6 1.6 2.4 2.4 2.4 2.4 2.4 4.8 4.8 4.8 5.6 5.6 5.6 5.6 8 8 8 8 8 8.8 10.4]
w_2_i: [2.6 2.6 2.6 2.6 2.6 2.2 2 2 2 2 2 2 2 2 2 1.4 1.4 1.4 1.2 1.2 1.2 1.2 1.2 1.2 0.6 0.6 0.4 0.6 0.6 0.4 0.4 0.4 0.4 0.4 0.4 0.4 0.4 0.4 0.4 0.4 0.4 0.4 0.4 0.4 0.6 0.6 0.6 0.6 0.6 1.2 1.2 1.2 1.4 1.4 1.4 1.4 2 2 2 2 2 2.2 2.6]
DELTA_margin: 0
FLAG_RESTART: 0
ITERATION_RESTART: 45
m_l_i: [5 3 2 1 0]
******************************
******************************
Decoder NO: 3
w_1_i: [11.2 11.2 11.2 11.2 11.2 10.4 8 8 7.2 5.6 5.6 5.6 5.6 5.6 5.6 4 4 3.2 2.4 2.4 2.4 2.4 1.6 1.6 1.6 1.6 1.6 1.6 1.6 1.6 1.6 0.8 1.6 1.6 0.8 0.8 0.8 0.8 0.8 0.8 0.8 0.8 1.6 1.6 1.6 1.6 1.6 1.6 1.6 1.6 1.6 2.4 3.2 4 4 4 5.6 5.6 7.2 7.2 8 10.4 11.2]
w_2_i: [2.8 2.8 2.8 2.8 2.8 2.6 2 2 1.8 1.4 1.4 1.4 1.4 1.4 1.4 1 1 0.8 0.6 0.6 0.6 0.6 0.4 0.4 0.4 0.4 0.4 0.4 0.4 0.4 0.4 0.2 0.4 0.4 0.2 0.2 0.2 0.2 0.2 0.2 0.2 0.2 0.4 0.4 0.4 0.4 0.4 0.4 0.4 0.4 0.4 0.6 0.8 1 1 1 1.4 1.4 1.8 1.8 2 2.6 2.8]
DELTA_margin: 0
FLAG_RESTART: 0
ITERATION_RESTART: 95
m_l_i: [5 5 4 2 0]
******************************
******************************
Decoder NO: 4
w_1_i: [9.6 9.6 9.6 9.6 9.6 8 7.2 7.2 7.2 6.4 6.4 6.4 6.4 6.4 6.4 4.8 4.8 4.8 4 4 4 4 3.2 3.2 2.4 2.4 2.4 2.4 2.4 2.4 2.4 2.4 2.4 2.4 2.4 2.4 2.4 2.4 2.4 2.4 2.4 2.4 2.4 2.4 2.4 2.4 2.4 2.4 2.4 3.2 3.2 4 4.8 4.8 4.8 4.8 6.4 6.4 7.2 7.2 7.2 8 9.6]
w_2_i: [2.4 2.4 2.4 2.4 2.4 2 1.8 1.8 1.8 1.6 1.6 1.6 1.6 1.6 1.6 1.2 1.2 1.2 1 1 1 1 0.8 0.8 0.6 0.6 0.6 0.6 0.6 0.6 0.6 0.6 0.6 0.6 0.6 0.6 0.6 0.6 0.6 0.6 0.6 0.6 0.6 0.6 0.6 0.6 0.6 0.6 0.6 0.8 0.8 1 1.2 1.2 1.2 1.2 1.6 1.6 1.8 1.8 1.8 2 2.4]
DELTA_margin: 0
FLAG_RESTART: 0
ITERATION_RESTART: 145
m_l_i: [5 5 5 4 0]
******************************
******************************
Decoder NO: 5
w_1_i: [12.8 12.8 12.8 12.8 12.8 8.8 8 8 8 7.2 7.2 7.2 7.2 7.2 7.2 7.2 7.2 6.4 6.4 6.4 6.4 6.4 5.6 5.6 4.8 4.8 0.8 4.8 4.8 0.8 0.8 0.8 0.8 0.8 0.8 0.8 0.8 0.8 0.8 0.8 0.8 0.8 0.8 0.8 4.8 4.8 4.8 4.8 4.8 5.6 5.6 6.4 6.4 7.2 7.2 7.2 7.2 7.2 8 8 8 8.8 12.8]
w_2_i: [3.2 3.2 3.2 3.2 3.2 2.2 2 2 2 1.8 1.8 1.8 1.8 1.8 1.8 1.8 1.8 1.6 1.6 1.6 1.6 1.6 1.4 1.4 1.2 1.2 0.2 1.2 1.2 0.2 0.2 0.2 0.2 0.2 0.2 0.2 0.2 0.2 0.2 0.2 0.2 0.2 0.2 0.2 1.2 1.2 1.2 1.2 1.2 1.4 1.4 1.6 1.6 1.8 1.8 1.8 1.8 1.8 2 2 2 2.2 3.2]
DELTA_margin: 0
FLAG_RESTART: 0
ITERATION_RESTART: 195
m_l_i: [4 4 3 3 0]
******************************
******************************
Decoder NO: 6
w_1_i: [8 8 8 8 8 6.4 5.6 5.6 4.8 4.8 4.8 4.8 4.8 4.8 4.8 3.2 3.2 3.2 3.2 3.2 3.2 3.2 2.4 2.4 2.4 2.4 2.4 2.4 2.4 2.4 2.4 1.6 2.4 2.4 1.6 1.6 1.6 1.6 1.6 1.6 1.6 1.6 2.4 2.4 2.4 2.4 2.4 2.4 2.4 2.4 2.4 3.2 3.2 3.2 3.2 3.2 4.8 4.8 4.8 4.8 5.6 6.4 8]
w_2_i: [2 2 2 2 2 1.6 1.4 1.4 1.2 1.2 1.2 1.2 1.2 1.2 1.2 0.8 0.8 0.8 0.8 0.8 0.8 0.8 0.6 0.6 0.6 0.6 0.6 0.6 0.6 0.6 0.6 0.4 0.6 0.6 0.4 0.4 0.4 0.4 0.4 0.4 0.4 0.4 0.6 0.6 0.6 0.6 0.6 0.6 0.6 0.6 0.6 0.8 0.8 0.8 0.8 0.8 1.2 1.2 1.2 1.2 1.4 1.6 2]
DELTA_margin: 0
FLAG_RESTART: 0
ITERATION_RESTART: 245
m_l_i: [5 5 5 4 0]
******************************
******************************
Decoder NO: 7
w_1_i: [12 12 12 12 12 8 8 8 4.8 4.8 4.8 4.8 4.8 4.8 4.8 4 4 4 2.4 2.4 2.4 2.4 1.6 1.6 1.6 0.8 0.8 0.8 0.8 0.8 0.8 0.8 0.8 0.8 0.8 0.8 0.8 0.8 0.8 0.8 0.8 0.8 0.8 0.8 0.8 1.6 1.6 1.6 1.6 1.6 1.6 2.4 4 4 4 4 4.8 4.8 4.8 4.8 8 8 12]
w_2_i: [3 3 3 3 3 2 2 2 1.2 1.2 1.2 1.2 1.2 1.2 1.2 1 1 1 0.6 0.6 0.6 0.6 0.4 0.4 0.4 0.2 0.2 0.2 0.2 0.2 0.2 0.2 0.2 0.2 0.2 0.2 0.2 0.2 0.2 0.2 0.2 0.2 0.2 0.2 0.2 0.4 0.4 0.4 0.4 0.4 0.4 0.6 1 1 1 1 1.2 1.2 1.2 1.2 2 2 3]
DELTA_margin: 0
FLAG_RESTART: 0
ITERATION_RESTART: 300
m_l_i: [5 5 4 2 0]
******************************
